time,x,y,z,phi,theta,psi,x_velocity,y_velocity,z_velocity,phi_velocity,theta_velocity,psi_velocity,rotor_speed1,rotor_speed2,rotor_speed3,rotor_speed4
0.06,8.81719744919e-08,-9.02418231949e-08,10.0026543292,6.28296581076,6.28294058585,0.0,1.36134724164e-05,-1.27681653542e-05,0.0884741760453,-0.0122195777336,-0.0138305616508,0.0,435.1284846210497,433.9693990775096,432.4169374719163,431.386589054279
0.12000000000000001,9.97583482383e-06,-8.46739636433e-06,10.0131007706,6.28261899737,6.2817193758,0.0,0.000425717794067,-0.000324558875222,0.259716342324,0.00471036621256,-0.0384477521604,0.0,459.24097707218556,457.2844857492573,458.99745123192633,460.33892314733095
0.18,8.65793959773e-05,-4.19941747825e-05,10.038149775,6.2826362534,6.27892469252,0.0,0.00245618051192,-0.000770289243717,0.575144765056,-0.0104821659211,-0.0724857426618,0.0,501.2716905467532,498.791135103927,501.95942970288945,500.85589744577845
0.23999999999999996,0.000355125021464,-0.000104159355114,10.078933396,6.2819829253,6.2741542671,0.0,0.00702616395573,-0.0013775355109,0.784185868416,-0.0117147327598,-0.0997185356258,0.0,471.44261479068734,469.32897191816323,470.86745878032906,470.77224209295593
0.3,0.000997173212513,-0.000215674107904,10.1300764351,6.2814047205,6.26822354225,0.0,0.0150139961941,-0.00240794376068,0.920474664411,-0.00577477562612,-0.0971552717593,0.0,449.0824562963849,449.28200662938264,448.42627232994334,448.90858713887826
0.36000000000000004,0.00220190152796,-0.000395177615442,10.1865984385,6.28075846529,6.26255743308,0.0,0.0256804247702,-0.0036194668039,0.963547219183,-0.0233317631085,-0.0894885907165,0.0,419.85866907488213,420.51505544839216,419.2835275813491,417.75569229880506
0.4200000000000001,0.00422905846957,-0.000672438973856,10.2492630197,6.27966999628,6.25755153286,0.0,0.0424623377604,-0.00575859942858,1.12511328827,-0.00938218537317,-0.0734645825383,0.0,455.85951146921667,457.1324027118661,456.992021031604,458.1025029829072
0.48000000000000015,0.007371207226,-0.00109934043952,10.3215837128,6.27904228889,6.25324646394,0.0,0.0627544589942,-0.00853672612494,1.28539587782,-0.0127134800698,-0.0685290728214,0.0,455.8722090210562,456.2625371135696,458.0243067935707,457.75944858512923
0.5400000000000001,0.0119299823936,-0.00172225260923,10.4069105618,6.27785167819,6.24957310684,0.0,0.0896872810255,-0.012341896556,1.55848403709,-0.0405668720193,-0.0496010423545,0.0,490.2620984846618,491.6638915284894,491.0209864253537,488.9504906271696
0.6000000000000002,0.0179461742165,-0.00257024677609,10.5013405,6.27539863699,6.24626579096,0.0,0.111135896197,-0.0161484076433,1.58912582521,-0.041525802161,-0.0694371903172,0.0,418.1187196883978,416.38471643304484,416.5864994877088,416.50164769606414
0.6600000000000003,0.0254614868132,-0.00372413148987,10.6014963905,6.27318722774,6.24180907857,0.0,0.139840783973,-0.0225715738916,1.74915020379,-0.0288581196124,-0.086333924284,0.0,458.10394779751175,456.7542398277248,458.4208895885189,459.4256772977305
0.7200000000000003,0.0347967245701,-0.00530816871532,10.7111090726,6.27191460092,6.23709702,0.0,0.171863984885,-0.0303887682019,1.90433234394,-0.00915242500041,-0.0662909765852,0.0,456.23102119206396,457.8234691311158,456.69003969864116,458.2589677416119
0.7800000000000004,0.0460430180742,-0.00735847727571,10.8276611469,6.27115036543,6.23326783833,0.0,0.20338954343,-0.0380166535245,1.98058533656,-0.0210953212333,-0.0592880444374,0.0,433.1232420306521,433.7086676089917,433.3733428385575,432.3684881436096
0.8400000000000004,0.0591195854891,-0.00985107823262,10.9461055739,6.27019103457,6.22915569197,0.0,0.232809582114,-0.0451636384012,1.9675641685,-0.00735073551404,-0.102771217592,0.0,405.270608593462,401.3383287329828,403.58442966431824,404.8230739990581
0.9000000000000005,0.0744344973768,-0.0128800802449,11.0709032625,6.2694321552,6.22348701061,0.0,0.278371704099,-0.0558659206349,2.19190887292,-0.0262043565368,-0.0816276948362,0.0,478.09611880119854,479.6971599789193,479.33642913071634,477.90170955241126
0.9600000000000005,0.0924248921552,-0.0165304541374,11.2060002528,6.26775350444,6.2182522692,0.0,0.32181947587,-0.0659795110508,2.31104850271,-0.0317825419375,-0.101895484678,0.0,449.11730595014063,447.4640177961956,448.00380350374996,447.54983206677844
1.0200000000000005,0.113049679351,-0.0208031340821,11.346905983,6.26612699503,6.21205880881,0.0,0.366265332634,-0.076612233299,2.38560403523,-0.0191017207347,-0.106021644371,0.0,435.33635603197047,434.98144231622814,433.3920491430064,434.4563164135997
1.0800000000000005,0.136761912912,-0.0258134084839,11.4963765687,6.26558834288,6.20575946179,0.0,0.424855502401,-0.0904815003914,2.59622449927,0.00601414279506,-0.103001750017,0.0,476.72452633936456,476.9464029584476,475.5915588727219,477.511387337172
1.1400000000000006,0.163968524265,-0.0316245727608,11.6563009303,6.26611704456,6.19931183749,0.0,0.482679736927,-0.103168978338,2.73419928528,0.0138899825503,-0.118325691217,0.0,456.99560101296316,455.76254466811105,455.3204321314526,455.9499555939189
1.2000000000000006,0.194566458026,-0.0381397393346,11.8218967179,6.26679853719,6.19234788323,0.0,0.537902419875,-0.113927882256,2.78546379841,0.00574138581933,-0.111894999699,0.0,429.47442723817875,430.00693346313295,429.51596529721684,428.82422020924867
1.2600000000000007,0.228606804822,-0.0452884425007,11.9905270102,6.26680771023,6.1853428975,0.0,0.597405128943,-0.124339291464,2.83534415658,-0.0144083649334,-0.128841727759,0.0,429.45024708170166,427.99737393694113,431.00965297834676,429.3033243268623
1.3200000000000007,0.266622852087,-0.0531098554452,12.1648365587,6.26636776054,6.17782944509,0.0,0.67057453297,-0.136434349711,2.9745114086,0.00399663520114,-0.11883110776,0.0,458.4102769072488,459.1912764201993,456.6441272084589,458.11004408351937
1.3800000000000008,0.30931774501,-0.0616815591436,12.348675254,6.26724493862,6.17092046577,0.0,0.75332427738,-0.149209720872,3.15285193513,0.0301606963634,-0.108655875063,0.0,469.84967403115127,470.62678184000833,470.50276360510765,472.5239969739254
1.4400000000000008,0.356816756094,-0.070950189173,12.5404219669,6.26858676508,6.16424998457,0.0,0.830595558369,-0.159574070821,3.23836024434,-0.00167344479989,-0.116753937613,0.0,443.9609347982086,443.28495064706425,444.8953157720115,442.2811238857703
1.5000000000000009,0.408783957084,-0.080784022728,12.7347755598,6.26852035048,6.15676641421,0.0,0.902256853666,-0.168226365179,3.23997834238,2.83212525014e-06,-0.149684356161,0.0,418.1719109348288,415.27708375283703,417.1544514198882,417.3008324490721
1.560000000000001,0.465566299988,-0.0911806947935,12.9321439399,6.26810820997,6.14755235519,0.0,0.991360549191,-0.178338158706,3.33851544419,-0.0264396715059,-0.162744479985,0.0,449.170042793492,448.08740386836223,449.9928198123064,447.84719237419006
1.620000000000001,0.528150051337,-0.102227762307,13.1373084816,6.26642091519,6.13773720759,0.0,1.09576565609,-0.190068261845,3.49960346095,-0.0317169305579,-0.165321417359,0.0,469.2710151908307,469.04696006977974,468.9668949596552,468.5566258054741
1.680000000000001,0.597269527643,-0.114023205791,13.3524569269,6.26467366172,6.12769660335,0.0,1.20923685947,-0.203304833722,3.67122548828,-0.02437839706,-0.171722910617,0.0,474.01766633386995,473.5005209837891,473.08794657872807,473.6524820501742
1.740000000000001,0.672322285985,-0.126519712138,13.5709200798,6.26349527356,6.11791474037,0.0,1.29331182001,-0.213348135585,3.61088506893,-0.0115374814377,-0.149706821608,0.0,398.88287447445526,400.8595183553849,399.92734980375286,401.0953075067467
1.8000000000000012,0.753295742829,-0.139720717789,13.790055883,6.26266342318,6.10876757181,0.0,1.4066268457,-0.226751196606,3.69313954183,-0.0189788489276,-0.158595705838,0.0,449.065705889146,448.32228411060066,447.27099670964327,446.66461616218936
1.8600000000000012,0.841491531332,-0.15377175804,14.0154486376,6.26152822596,6.09893455384,0.0,1.53414079911,-0.241722990102,3.81924684074,-0.0188024311268,-0.1773839017,0.0,462.95256518523587,461.4469246169112,462.97927697950985,462.99322394544396
1.9200000000000013,0.936757532289,-0.168652888154,14.2441679204,6.26010490757,6.08860746838,0.0,1.64225156903,-0.254416808483,3.80451164543,-0.0360339452808,-0.163262029387,0.0,417.90287076458526,419.10147832746867,419.6448528868385,418.14612411277693
1.9800000000000013,1.03918439635,-0.184382206894,14.4745007351,6.25785125924,6.07892817469,0.0,1.77282696678,-0.270095932764,3.87270266037,-0.0408033134354,-0.157703128597,0.0,446.29113487803477,446.72002364882337,446.7172879332895,446.3275118307569
2.0400000000000014,1.15005708806,-0.201148549102,14.7109335097,6.25613831872,6.06992356308,0.0,1.92375405609,-0.288976447163,4.00756089097,-0.0112984194623,-0.138057105737,0.0,467.99135376997776,469.497946773723,467.0915870785053,469.3867573491403
2.1000000000000014,1.27030951046,-0.219095441007,14.9560571118,6.25525625433,6.06180705497,0.0,2.08536554545,-0.309313796692,4.16230189813,-0.0225636547935,-0.130227806564,0.0,475.54665238134305,476.1304369162189,477.00115705824714,476.14013796724396
2.1600000000000015,1.39978252041,-0.238203486572,15.2075701465,6.25399549336,6.0542379161,0.0,2.23100864957,-0.327731752833,4.22092070495,-0.0180786478673,-0.119050198148,0.0,447.9558059757827,448.8495004652358,448.02337994994105,448.3879360181515
2.2200000000000015,1.53779537001,-0.258397572191,15.461141595,6.25255151918,6.04710283089,0.0,2.3699572954,-0.345503997131,4.23111865441,-0.0400693674908,-0.118655418045,0.0,433.81594850238423,433.8360025004,434.50342106690465,432.6554912043692
2.2800000000000016,1.68415500997,-0.279673810169,15.7148504432,6.25007158472,6.0401926186,0.0,2.50921215106,-0.363906556605,4.22555335366,-0.0439850329683,-0.108985118733,0.0,428.75533681199533,429.56382001951357,429.44674593074865,429.11346136201865
2.3400000000000016,1.83939693462,-0.302151611464,15.9698813137,6.24903695763,6.03400518218,0.0,2.66595994638,-0.385486966803,4.27495099021,0.0110204271191,-0.0934272690055,0.0,447.3774322235468,448.63326857864877,445.62707981030826,450.1010998316095
2.4000000000000017,2.00488313408,-0.326032599321,16.2307329997,6.24959566966,6.02858395271,0.0,2.85056825867,-0.410449877465,4.41916938472,0.00565476989993,-0.0848273269778,0.0,478.19695378193404,478.84544811604366,478.88580095213894,478.4773128095532
2.4600000000000017,2.18299453106,-0.351583692869,16.5057439414,6.25083637557,6.02313817124,0.0,3.08667127895,-0.441073638302,4.74602634879,0.0405672884583,-0.106559978356,0.0,534.1699742276646,532.6801272626903,530.8407378877412,533.231259155779
2.520000000000002,2.37220332265,-0.378545722969,16.7883309961,6.25309050397,6.01665103657,0.0,3.22073146619,-0.457484479851,4.67354947232,0.0307742311169,-0.111431714192,0.0,414.237929491058,413.79797297974187,414.8285009249829,413.96827023891876
2.580000000000002,2.57034284268,-0.40654591809,17.0694716753,6.25522159581,6.01007818557,0.0,3.38433675938,-0.475662598306,4.69731533068,0.0436275279881,-0.106025836217,0.0,447.32823733986885,447.75778932294304,445.3794411069464,446.4301585088961
2.640000000000002,2.7797571667,-0.435727836566,17.3568311142,6.25755849036,6.00361781947,0.0,3.59645663401,-0.496750563363,4.88001782302,0.027397014331,-0.111185531107,0.0,497.4203354210298,497.0334302933571,497.01185147889225,495.8212603468615
2.700000000000002,3.00098146798,-0.466032703136,17.6514822703,6.25921120985,5.99716357827,0.0,3.77804744989,-0.513237993426,4.94095068455,0.027840264815,-0.101180879087,0.0,462.27678884153926,463.05488423524395,462.2825673382329,462.3176536281901
2.760000000000002,3.23275225374,-0.497258178546,17.9482365159,6.2603747684,5.99223777508,0.0,3.94790692848,-0.527469026902,4.9504200441,-0.00851678138768,-0.0588676939195,0.0,446.0812671761105,449.5175909665281,448.6589991862196,445.6968186820967
2.820000000000002,3.47497681312,-0.529339860337,18.2462248845,6.2594225044,5.98851077474,0.0,4.12631297156,-0.541971124935,4.98201602572,-0.0376523480176,-0.0695649329718,0.0,456.40818927043864,455.55074595299527,456.27972837305265,453.94730918511345
2.880000000000002,3.72590808094,-0.562153173061,18.5393857326,6.25720974415,5.98420101098,0.0,4.23838791369,-0.551954242959,4.79066654754,-0.0353768365066,-0.0767907404549,0.0,378.90624888722976,378.20576874391907,378.01100277010204,378.2293870420034
2.940000000000002,3.98552808083,-0.595756756368,18.8273315378,6.25528228423,5.97989596027,0.0,4.41574526848,-0.568334545922,4.80705024851,-0.0263061393068,-0.0632124488539,0.0,449.24106538071703,450.3369543626945,450.7784162105123,451.5105726158346
3.000000000000002,4.25483281144,-0.630285901288,19.1130512067,6.25416011512,5.97626933729,0.0,4.56124604619,-0.582739594565,4.71705668689,-0.00670048870567,-0.0554152319,0.0,415.6123321059207,416.2924344981827,413.92118641391494,415.6433450076243
3.0600000000000023,4.53418691198,-0.665812586806,19.3974522127,6.25362149221,5.9730343565,0.0,4.75052436704,-0.60151258287,4.76238732118,-0.0139707075408,-0.0510765562664,0.0,460.89458407543174,461.2356129999328,460.3968302452267,459.821261505541
3.1200000000000023,4.82340865836,-0.702337272618,19.6798484586,6.25227478726,5.97002781344,0.0,4.89032344809,-0.616056451375,4.65107602395,-0.0505261567892,-0.0482416882121,0.0,408.6130730904852,408.8639551297221,410.45595681468984,407.1977417579014
3.1800000000000024,5.12272049488,-0.739924038899,19.9607921141,6.24985265111,5.9676517858,0.0,5.08658933677,-0.63707358466,4.71304175709,-0.0253437730035,-0.0263248241025,0.0,466.18485647589074,467.89375584179834,465.2505391648196,467.2174839868319
3.2400000000000024,5.43481774769,-0.778918204197,20.2485323133,6.24848013427,5.96637972668,0.0,5.31621229844,-0.662855483292,4.87711500156,-0.0183467605995,-0.012538096123,0.0,498.6504766432017,499.6567985988384,498.9549514160944,499.4656211430492
3.3000000000000025,5.75974827387,-0.819390921247,20.543297231,6.24709237967,5.96527381228,0.0,5.51444217505,-0.686334110387,4.94771780464,-0.0350055677151,-0.0340886375635,0.0,474.9241128087021,473.2679862697921,472.82221565424464,471.5367415231183
3.3600000000000025,6.09588015525,-0.861228972415,20.8402569586,6.24549568748,5.96349512801,0.0,5.68978550336,-0.708416561307,4.95059888425,-0.0136324147321,-0.0219801297162,0.0,451.8076907393658,452.7828237086802,452.82120533927457,454.5374690075359
3.4200000000000026,6.44242259597,-0.904406051052,21.1371094928,6.24528632034,5.96196521034,0.0,5.86142316118,-0.730853769106,4.94422830411,0.0115236403494,-0.0336741555614,0.0,451.5136623530265,450.56888633938536,449.25284765257936,451.28849283264896
3.4800000000000026,6.79841880657,-0.948836279686,21.431106976,6.24608980259,5.96004102097,0.0,6.00508559917,-0.750111590821,4.85588883842,0.0168870193325,-0.0290406697578,0.0,423.127162469527,423.5255371623592,423.39012933195676,423.8513370983294
3.5400000000000027,7.16408709395,-0.99452814197,21.7230079723,6.24755293765,5.95834646573,0.0,6.18362091953,-0.772828126723,4.87374291438,0.0362552164074,-0.0266926105291,0.0,458.36788361727156,458.5543033317156,458.1700704728486,459.70777044365826
3.6000000000000028,7.53980117086,-1.04148704699,22.0140706984,6.24964168896,5.95659076753,0.0,6.34004033855,-0.792303694471,4.82832446396,0.0317593397126,-0.0349696719338,0.0,438.8504807971177,438.1624520520008,438.9778564120167,438.6050604215159
3.660000000000003,7.92575689842,-1.08966880867,22.3050031801,6.25165162531,5.95445826202,0.0,6.52489461724,-0.813561432794,4.86886813589,0.0367683817977,-0.0367109443676,0.0,467.4519785655481,467.31575244919554,466.236718979222,466.62838321216657
3.720000000000003,8.32127313889,-1.13895033091,22.5939278692,6.25389857984,5.95240035481,0.0,6.65896491699,-0.829014677615,4.76227655383,0.0387770160144,-0.029865014015,0.0,418.4978499097829,419.0928989330164,418.70543184876453,418.88094571788497
3.780000000000003,8.72593199675,-1.18922192456,22.8797364507,6.25679703772,5.95123951591,0.0,6.82939250129,-0.846472551507,4.76439163205,0.0626245558544,-0.00392213210588,0.0,454.4257255029284,456.501033000404,453.6136431476344,455.5264090242886
3.840000000000003,9.13991715207,-1.2404238597,23.163200651,6.26026153395,5.95109464674,0.0,6.96988901295,-0.860001051273,4.68469248731,0.0455512839076,0.000442276643607,0.0,426.78699549104965,427.1594910953582,429.75443328119593,428.30680957782596
3.900000000000003,9.56294047986,-1.29243320808,23.44384071,6.26298656174,5.95131152513,0.0,7.13050195564,-0.873418042833,4.66988917067,0.0451475469783,0.00930516212428,0.0,448.8766283815104,449.5954027769939,449.49203923531667,449.4604826658429
3.960000000000003,9.99597446799,-1.34522817172,23.7249032388,6.26569875708,5.95265479603,0.0,7.30339895009,-0.886168531362,4.69857647188,0.0453144073082,0.0404620192816,0.0,461.23012232110847,463.68489068220237,464.83653146925104,464.8506927209544
4.020000000000002,10.4395771163,-1.39875448325,24.008573559,6.2684646593,5.95492028205,0.0,7.48259273541,-0.897780543206,4.75672668194,0.0476214627836,0.031713885531,0.0,474.4368297165019,473.7650985208986,472.78221669996617,472.9610867622775
4.080000000000001,10.8922751056,-1.45286097544,24.2912302533,6.27133680948,5.95651642015,0.0,7.60698196987,-0.905572332551,4.66564909257,0.0483598751039,0.0136665566505,0.0,427.02456002349817,425.4820115870916,423.74941482297163,423.8144165259636
4.14,11.3526523182,-1.50740402952,24.5693560248,6.27436337899,5.95839712394,0.0,7.73851936957,-0.912307687268,4.60550282423,0.0543120760285,0.0534853758063,0.0,433.98919609425604,437.31981750468344,433.33639838809603,433.83826558789417
4.199999999999998,11.8219418544,-1.56233144292,24.8472680805,6.2778902894,5.96306410084,0.0,7.9035447614,-0.918288759498,4.65803751783,0.0664834344405,0.104593254609,0.0,469.05298870795474,473.0099977900512,469.92209404458816,470.8670255551433
4.259999999999997,12.3008737964,-1.61754827547,25.1281451971,6.28184741977,5.96994569199,0.0,8.05971374534,-0.921906595112,4.70454325138,0.0648684406559,0.12964709461,0.0,469.1931290301518,471.14528916650335,467.94361543460315,467.8208335265914
4.319999999999996,12.7887813783,-1.6729083249,25.4113460402,0.0026417498136,5.97856365874,0.0,8.20263060053,-0.923074301817,4.7357004589,0.0690947469682,0.162554596259,0.0,462.5153051335935,465.11797177395533,464.07474978106353,464.4095082156338
4.379999999999995,13.2840786837,-1.72827475406,25.6935177554,0.00709896526766,5.98847219536,0.0,8.3062268363,-0.922142099989,4.67089186005,0.083044429597,0.169865513417,0.0,432.1403608711935,432.7831511819611,430.72491762224405,431.90779926565966
4.439999999999993,13.7849979927,-1.78352321252,25.9707244607,0.011631775298,5.99868022813,0.0,8.39013063031,-0.919121451683,4.57042259525,0.0530811412474,0.170664532464,0.0,417.33588736573785,417.43544476549346,419.013505059051,416.40435921422034
4.499999999999992,14.2923601671,-1.83846032282,26.247639478,0.0146925600497,6.00872210333,0.0,8.52038938726,-0.911804207434,4.66011487128,0.0465197296838,0.15978914647,0.0,478.04414291577046,477.2391168605026,477.32321319459703,476.8235624786304
4.559999999999991,14.8057212033,-1.89298010819,26.5245469657,0.0172786390523,6.01834769903,0.0,8.59072279355,-0.905308552548,4.57112694404,0.0351985977831,0.161670323639,0.0,419.2180940840758,419.40770717520235,419.5286972272276,418.54541159181076
4.6199999999999894,15.3237722899,-1.94702687799,26.798760204,0.0191799552021,6.02871941006,0.0,8.67642714045,-0.89606525021,4.56984915026,0.0235366978381,0.188996321138,0.0,446.18384408490033,448.4375133269553,446.0304585385305,445.07714121093653
4.679999999999988,15.8471921421,-2.00044897594,27.0748833348,0.0206772995155,6.03966298813,0.0,8.76938947453,-0.884524222801,4.63449909908,0.0276523305776,0.164007948662,0.0,468.05073124152,466.1314038469293,465.09973088363176,465.42209682214803
4.739999999999987,16.3752757727,-2.05320013534,27.3524129507,0.0221180812813,6.04978351017,0.0,8.83227479778,-0.873700904858,4.61710550242,0.0155058880781,0.176663631467,0.0,439.8218045907981,440.8963359064118,439.225055497066,438.21636911202256
4.799999999999986,16.9057162728,-2.10538803791,27.6240000373,0.0233779748281,6.06031890707,0.0,8.84838700808,-0.865792156781,4.43729101525,0.0301860829672,0.173354594578,0.0,381.2802835486335,380.99922212006754,380.0673277259593,381.4722273018071
4.859999999999984,17.4386605649,-2.15689983862,27.8925571676,0.02490095718,6.0706147152,0.0,8.9150446566,-0.851095981934,4.51473870314,0.0134418913924,0.167832358021,0.0,465.9052243535742,465.4999546426598,465.21346265262775,463.90033014001017
4.919999999999983,17.9744777413,-2.2076015307,28.1618041649,0.0258868111805,6.08051313527,0.0,8.94456099769,-0.838865725473,4.4609367972,0.02182323977,0.158546201457,0.0,422.15177851545576,421.37705996658275,422.7443096849778,423.46599577773935
4.979999999999982,18.5114605549,-2.25760045379,28.4259531834,0.0268757708295,6.09105350012,0.0,8.95406248732,-0.82765065908,4.34510747694,0.00278009621317,0.197344407674,0.0,396.94718416311036,400.5245863695995,400.2141950958918,398.4766691332618
5.0399999999999805,19.0504229715,-2.30668602409,28.6916182699,0.0275838385537,6.1035263225,0.0,9.00960371009,-0.808482779419,4.51016727257,0.0255302679488,0.223305689471,0.0,486.0125799235364,487.9924451282948,486.58799717064005,488.2883327738101
